#Kinovea Trajectory data export
#T X Y

# Trajetória 1
5.397 (647) -0,49 4,90 
5.405 (648) -0,49 4,90 
5.413 (649) -0,49 4,90 
5.422 (650) -0,49 4,90 
5.430 (651) -0,49 4,90 
5.438 (652) -0,49 4,90 
5.447 (653) -0,49 4,90 
5.455 (654) -0,48 4,90 
5.463 (655) -0,48 4,90 
5.472 (656) -0,48 5,20 
5.480 (657) -0,24 5,20 
5.488 (658) -0,24 5,20 
5.497 (659) 0,00 5,21 
5.505 (660) 0,00 5,21 
5.513 (661) 0,00 5,21 
5.522 (662) 0,48 5,23 
5.530 (663) 0,47 5,52 
5.538 (664) 0,71 5,53 
5.547 (665) 0,95 5,24 
5.555 (666) 1,19 5,25 
5.563 (667) 1,44 5,26 
5.572 (668) 1,92 5,27 
5.580 (669) 2,40 5,28 
5.588 (670) 2,64 5,29 
5.597 (671) 3,12 5,31 
5.605 (672) 3,61 5,32 
5.613 (673) 4,10 5,34 
5.622 (674) 4,82 5,66 
5.630 (675) 5,31 5,67 
5.638 (676) 5,80 5,39 
5.647 (677) 6,77 5,42 
5.655 (678) 7,26 5,73 
5.663 (679) 8,00 5,46 
5.672 (680) 8,74 5,78 
5.680 (681) 9,72 5,80 
5.689 (682) 10,45 5,83 
5.697 (683) 11,19 5,85 
5.705 (684) 12,18 5,88 
5.714 (685) 12,92 5,90 
5.722 (686) 13,67 5,93 
5.730 (687) 14,67 5,96 
5.739 (688) 15,67 5,99 
5.747 (689) 16,67 6,01 
5.755 (690) 17,67 6,04 
5.764 (691) 18,67 6,07 
5.772 (692) 19,67 6,10 
5.780 (693) 20,68 6,13 
5.789 (694) 21,69 6,16 
5.797 (695) 22,71 6,19 
5.805 (696) 23,73 6,23 
5.814 (697) 24,75 6,26 
5.822 (698) 26,02 6,30 
5.830 (699) 27,03 6,33 
5.839 (700) 28,05 6,67 
5.847 (701) 28,83 6,69 
5.855 (702) 29,85 6,72 
5.864 (703) 30,88 6,75 
5.872 (704) 31,91 6,79 
5.880 (705) 32,94 7,12 
5.889 (706) 33,71 7,14 
5.897 (707) 34,49 7,17 
5.905 (708) 35,26 7,19 
5.914 (709) 36,04 7,22 
5.922 (710) 36,82 7,55 
5.930 (711) 37,60 7,58 
5.939 (712) 38,12 7,90 
5.947 (713) 38,64 7,91 
5.955 (714) 39,17 7,93 
5.964 (715) 39,70 7,95 
5.972 (716) 40,22 7,97 
5.980 (717) 40,74 8,29 
5.989 (718) 41,26 8,31 
5.997 (719) 41,53 8,32 
6.006 (720) 41,79 8,33 
6.014 (721) 42,31 8,65 
6.022 (722) 42,32 8,65 
6.031 (723) 42,58 8,65 
6.039 (724) 42,84 8,66 
6.047 (725) 42,84 8,66 
6.056 (726) 42,84 8,66 
6.064 (727) 42,84 8,66 
6.072 (728) 42,84 8,66 
6.081 (729) 42,84 8,66 
6.089 (730) 42,84 8,66 
6.097 (731) 42,58 8,65 
6.106 (732) 42,32 8,64 
6.114 (733) 42,32 8,64 
6.122 (734) 42,06 8,62 
6.131 (735) 41,79 8,61 
6.139 (736) 41,53 8,60 
6.147 (737) 41,26 8,59 
6.156 (738) 40,73 8,58 
6.164 (739) 40,47 8,57 
6.172 (740) 39,94 8,55 
6.181 (741) 39,68 8,54 
6.189 (742) 39,15 8,52 
6.197 (743) 38,62 8,50 
6.206 (744) 38,10 8,48 
6.214 (745) 37,59 8,46 
6.222 (746) 37,07 8,14 
6.231 (747) 36,81 8,44 
6.239 (748) 36,29 8,42 
6.247 (749) 35,77 8,40 
6.256 (750) 35,50 8,39 
6.264 (751) 34,98 8,37 
6.272 (752) 34,46 8,35 
6.281 (753) 33,94 8,33 
6.289 (754) 33,43 8,01 
6.297 (755) 32,91 8,00 
6.306 (756) 32,40 7,98 
6.314 (757) 31,89 7,97 
6.322 (758) 31,37 7,95 
6.331 (759) 30,86 7,93 
6.339 (760) 30,34 7,92 
6.348 (761) 29,31 7,88 
6.356 (762) 28,80 7,86 
6.364 (763) 28,03 7,54 
6.373 (764) 27,26 7,51 
6.381 (765) 26,25 7,48 
6.389 (766) 25,73 7,47 
6.398 (767) 24,71 7,43 
6.406 (768) 23,70 7,40 
6.414 (769) 22,69 7,37 
6.423 (770) 21,93 7,34 
6.431 (771) 20,68 7,00 
6.439 (772) 19,92 6,98 
6.448 (773) 18,66 6,93 
6.456 (774) 17,41 6,60 
6.464 (775) 16,17 6,56 
6.473 (776) 15,17 6,23 
6.481 (777) 13,67 6,18 
6.489 (778) 12,19 5,84 
6.498 (779) 10,71 5,79 
6.506 (780) 9,23 5,75 
6.514 (781) 7,76 5,70 
6.523 (782) 6,30 5,66 
6.531 (783) 4,84 5,61 
6.539 (784) 3,38 5,27 
6.548 (785) 2,41 5,24 
6.556 (786) 0,96 5,20 
6.564 (787) -0,01 5,17 
6.573 (788) -0,98 5,14 
6.581 (789) -2,18 5,10 
6.589 (790) -2,90 5,08 
6.598 (791) -3,85 5,05 
6.606 (792) -4,33 5,03 
6.614 (793) -4,81 5,02 
6.623 (794) -5,28 4,71 
6.631 (795) -5,28 4,71 
6.639 (796) -5,75 4,41 
6.648 (797) -5,74 4,41 
6.656 (798) -5,74 4,12 
6.664 (799) -5,74 4,12 
6.673 (800) -5,50 3,83 
6.681 (801) -5,26 3,55 
6.690 (802) -5,25 3,26 
6.698 (803) -4,77 2,98 
6.706 (804) -4,77 2,98 
6.715 (805) -4,29 2,99 
6.723 (806) -4,28 2,70 
6.731 (807) -3,81 2,71 
6.740 (808) -3,80 2,42 
6.748 (809) -3,33 2,43 
6.756 (810) -2,85 2,45 
6.765 (811) -2,85 2,44 
6.773 (812) -2,37 2,46 
6.781 (813) -1,89 2,47 
6.790 (814) -1,41 2,48 
6.798 (815) -0,93 2,49 
6.806 (816) -0,69 2,21 
6.815 (817) -0,20 2,22 
6.823 (818) 0,28 2,23 
6.831 (819) 0,52 2,24 
6.840 (820) 1,00 2,26 
6.848 (821) 1,24 2,26 
6.856 (822) 1,48 2,27 
6.865 (823) 1,73 2,28 
6.873 (824) 1,96 2,29 
6.881 (825) 1,96 2,29 
6.890 (826) 1,96 2,29 
6.898 (827) 1,97 2,29 
